hidden_dim: 128
layers: 3
lr: 0.0005741554469994462
thr: 0.4931148640962926
